Expected 3 args, got 0!
Falling back to default args ("9" "9" "10")
0 0 -1 0 0 0 0 -1 0 
-1 0 0 -1 0 0 -1 0 0 
0 -1 0 -1 0 -1 0 -1 0 
0 0 -1 0 0 0 0 0 0 
0 0 0 0 0 0 0 0 0 
0 0 0 0 0 0 0 0 0 
0 0 0 0 0 0 0 0 0 
0 0 0 0 0 0 0 0 0 
0 0 0 0 0 0 0 0 0 
Expected 3 args, got 0!
Falling back to default args ("9" "9" "10")
0 0 -1 0 0 0 0 -1 0 
-1 0 0 -1 0 0 -1 0 0 
0 -1 0 -1 0 -1 0 -1 0 
0 0 -1 0 0 0 0 0 0 
0 0 0 0 0 0 0 0 0 
0 0 0 0 0 0 0 0 0 
0 0 0 0 0 0 0 0 0 
0 0 0 0 0 0 0 0 0 
0 0 0 0 0 0 0 0 0 
Expected 3 args, got 0!
Falling back to default args ("9" "9" "10")
0 0 -1 0 0 0 0 -1 0 
-1 0 0 -1 0 0 -1 0 0 
0 -1 0 -1 0 -1 0 -1 0 
0 0 -1 0 0 0 0 0 0 
0 0 0 0 0 0 0 0 0 
0 0 0 0 0 0 0 0 0 
0 0 0 0 0 0 0 0 0 
0 0 0 0 0 0 0 0 0 
0 0 0 0 0 0 0 0 0 
Expected 3 args, got 0!
Falling back to default args ("9" "9" "10")
0 0 -1 0 0 0 0 -1 0 
-1 0 0 -1 0 0 -1 0 0 
0 -1 0 -1 0 -1 0 -1 0 
0 0 -1 0 0 0 0 0 0 
0 0 0 0 0 0 0 0 0 
0 0 0 0 0 0 0 0 0 
0 0 0 0 0 0 0 0 0 
0 0 0 0 0 0 0 0 0 
0 0 0 0 0 0 0 0 0 
Expected 3 args, got 0!
Falling back to default args ("9" "9" "10")
0 0 -1 0 0 0 0 -1 0 
-1 0 0 -1 0 0 -1 0 0 
0 -1 0 -1 0 -1 0 -1 0 
0 0 -1 0 0 0 0 0 0 
0 0 0 0 0 0 0 0 0 
0 0 0 0 0 0 0 0 0 
0 0 0 0 0 0 0 0 0 
0 0 0 0 0 0 0 0 0 
0 0 0 0 0 0 0 0 0 
Expected 3 args, got 0!
Falling back to default args ("9" "9" "10")
0 0 -1 0 0 0 0 -1 0 
-1 0 0 -1 0 0 -1 0 0 
0 -1 0 -1 0 -1 0 -1 0 
0 0 -1 0 0 0 0 0 0 
0 0 0 0 0 0 0 0 0 
0 0 0 0 0 0 0 0 0 
0 0 0 0 0 0 0 0 0 
0 0 0 0 0 0 0 0 0 
0 0 0 0 0 0 0 0 0 
Expected 3 args, got 0!
Falling back to default args ("9" "9" "10")
0 0 -1 0 0 0 0 -1 0 
-1 0 0 -1 0 0 -1 0 0 
0 -1 0 -1 0 -1 0 -1 0 
0 0 -1 0 0 0 0 0 0 
0 0 0 0 0 0 0 0 0 
0 0 0 0 0 0 0 0 0 
0 0 0 0 0 0 0 0 0 
0 0 0 0 0 0 0 0 0 
0 0 0 0 0 0 0 0 0 
Expected 3 args, got 0!
Falling back to default args ("9" "9" "10")
0 0 -1 0 0 0 0 -1 0 
-1 0 0 -1 0 0 -1 0 0 
0 -1 0 -1 0 -1 0 -1 0 
0 0 -1 0 0 0 0 0 0 
0 0 0 0 0 0 0 0 0 
0 0 0 0 0 0 0 0 0 
0 0 0 0 0 0 0 0 0 
0 0 0 0 0 0 0 0 0 
0 0 0 0 0 0 0 0 0 
Expected 3 args, got 0!
Falling back to default args ("9" "9" "10")
0 0 -1 0 0 0 0 -1 0 
-1 0 0 -1 0 0 -1 0 0 
0 -1 0 -1 0 -1 0 -1 0 
0 0 -1 0 0 0 0 0 0 
0 0 0 0 0 0 0 0 0 
0 0 0 0 0 0 0 0 0 
0 0 0 0 0 0 0 0 0 
0 0 0 0 0 0 0 0 0 
0 0 0 0 0 0 0 0 0 
Expected 3 args, got 0!
Falling back to default args ("9" "9" "10")
0 0 -1 0 0 0 0 -1 0 
-1 0 0 -1 0 0 -1 0 0 
0 -1 0 -1 0 -1 0 -1 0 
0 0 -1 0 0 0 0 0 0 
0 0 0 0 0 0 0 0 0 
0 0 0 0 0 0 0 0 0 
0 0 0 0 0 0 0 0 0 
0 0 0 0 0 0 0 0 0 
0 0 0 0 0 0 0 0 0 
Expected 3 args, got 0!
Falling back to default args ("9" "9" "10")
0 0 -1 0 0 0 0 -1 0 
-1 0 0 -1 0 0 -1 0 0 
0 -1 0 -1 0 -1 0 -1 0 
0 0 -1 0 0 0 0 0 0 
0 0 0 0 0 0 0 0 0 
0 0 0 0 0 0 0 0 0 
0 0 0 0 0 0 0 0 0 
0 0 0 0 0 0 0 0 0 
0 0 0 0 0 0 0 0 0 
